15,153
15,152
15,151
15,215
15,150
15,1119
15,1118
15,214
15,82
15,149
15,213
15,81
15,148
15,147
15,146
15,1117
15,1116
15,145
15,80
15,144
15,143
15,79
15,1115
15,212
15,142
15,141
15,1114
16,37
15,140
15,1113
15,139
15,138
15,211
15,137
15,210
16,36
15,136
16,35
15,1112
15,135
15,78
15,77
15,76
15,75
15,74
15,73
15,1111
15,1110
15,134
16,34
15,209
15,208
15,72
16,33
16,32
16,31
15,133
16,30
15,132
15,71
15,207
15,1109
15,131
15,130
15,1108
15,129
15,383
15,206
15,382
15,381
15,380
15,379
15,205
15,378
15,377
15,70
15,69
15,1107
15,376
15,68
15,375
15,1106
15,1105
15,204
15,1104
15,128
15,374
16,29
15,373
15,203
15,372
15,371
16,28
15,1103
15,67
15,202
15,370
15,369
15,368
15,66
15,1102
16,27
16,26
15,367
15,65
15,201
15,1101
15,366
15,365
15,1100
15,1099
15,364
15,363
15,1098
15,64
15,200
15,199
15,362
15,899
15,898
15,1097
15,1096
15,198
15,197
15,361
15,360
15,1095
15,359
15,1094
15,358
15,357
15,196
15,195
16,25
16,24
15,1093
15,356
15,194
15,1092
15,355
15,354
15,1091
15,193
16,23
15,897
15,192
15,1090
15,958
15,896
15,957
16,22
15,353
15,1089
15,956
15,352
15,895
15,894
15,893
15,351
15,1088
15,892
15,350
15,891
15,349
15,348
15,890
15,347
15,346
15,345
15,344
15,889
16,21
16,20
16,19
15,343
15,888
15,342
15,341
15,887
15,340
15,886
15,339
15,885
16,18
15,338
15,337
15,336
15,335
15,884
15,883
15,334
15,333
15,882
15,881
15,880
15,332
15,331
15,879
15,878
15,877
15,876
15,330
15,875
15,329
15,874
15,328
15,873
16,17
16,16
15,872
15,327
15,871
15,326
15,870
15,868
15,325
15,867
15,324
15,866
15,865
15,864
15,863
15,323
15,862
15,861
15,322
15,321
15,860
15,859
15,858
15,857
16,15
15,320
15,856
15,855
15,854
15,853
16,14
15,852
15,851
15,850
15,849
15,848
15,847
15,846
15,845
15,844
15,843
15,842
15,841
16,13
15,840
15,839
15,838
16,12
15,837
15,836
15,835
15,834
15,833
15,832
15,869
15,63
15,62
15,61
15,60
15,59
15,58
15,57
15,56
15,55
15,54
15,53
15,52
15,51
15,50
15,49
15,48
15,47
15,46
15,45
16,11
15,44
15,43
16,10
15,42
15,41
15,40
15,39
15,38
15,37
15,36
15,35
15,34
15,33
15,32
15,31
15,30
15,29
15,28
15,27
15,26
15,25
16,9
16,8
15,24
15,23
15,22
15,21
15,20
15,19
15,18
16,2
16,1
16,0
15,17
15,16
15,15
15,1
13,3
13,2
13,1
13,0
7,3
3,149
3,148
3,147
3,144
3,142
3,140
3,139
3,137
3,136
3,129
3,63
2,85
2,83
2,81
2,77
2,74
2,73
2,72
2,70
1,85
1,84
1,83
1,82
1,80
1,79
1,78
1,76
1,75
1,74
1,73
1,72
1,71
1,66
1,61
0,9
1,45
3,44
2,44
1,44
3,43
2,43
1,43
3,42
2,42
1,42
3,41
2,41
1,41
3,40
2,40
1,40
3,39
2,39
1,39
3,38
2,38
1,38
3,37
2,37
1,37
3,36
2,36
1,36
3,35
2,35
1,35
3,34
2,34
1,34
3,33
2,33
1,33
3,32
2,32
1,32
3,31
2,31
1,31
3,30
2,30
1,30
3,29
2,29
1,29
3,28
2,28
1,28
2,3
1,3
0,6
0,0
0,47
0,46
0,49
0,48
0,45
0,12
0,10
0,8
0,11
16,7
16,6
16,5
16,4
16,3
15,14
15,13
15,12
15,11
15,10
15,9
15,8
15,7
15,6
15,5
15,4
15,3
15,2
15,0
5,3
4,3
3,51
3,50
3,49
3,48
3,47
3,46
3,45
3,27
3,26
3,25
3,24
3,23
3,22
3,21
3,20
3,19
3,18
3,17
3,16
3,15
3,14
3,13
3,12
3,11
3,10
3,9
3,8
3,7
3,6
3,5
3,4
3,3
3,2
3,0
2,49
2,48
2,47
2,46
2,45
2,27
2,26
2,25
2,24
2,23
2,22
2,21
2,20
2,19
2,18
2,17
2,16
2,15
2,14
2,13
2,12
2,11
2,10
2,9
2,8
2,7
2,6
2,5
2,4
2,2
2,0
1,50
1,49
1,48
1,47
1,46
1,27
1,26
1,25
1,24
1,23
1,22
1,21
1,20
1,19
1,18
1,17
1,16
1,15
1,14
1,13
1,12
1,11
1,10
1,9
1,8
1,7
1,6
1,5
1,4
1,2
1,0
0,5
0,7
0,4
0,3
